{
 "width":640,
 "height":480,
 "top":16,
 "left":216,
 "bottom":16,
 "right":216,
 "opacity":1.0000000,
 "messagex":0.220000,
 "messagey":0.120000
}