{
 "width":720,
 "height":720,
 "top":24,
 "left":144,
 "bottom":24,
 "right":144,
 "opacity":1.0000000,
 "messagex":0.220000,
 "messagey":0.120000
}